SRR534319 star 199669 45826 12361 6.19 26.97 43064 11369 5.69 26.40 49839 11257 5.63 22.58 11257 31.16 27.05 22.58 26.97 12361 11274 10434
SRR534291 star 199669 30165 13300 6.66 44.09 27992 12431 6.22 44.40 37835 13527 6.77 35.75 12431 51.41 44.40 43.32 44.40 13266 12431 12291
SRR545695 star 199669 40279 12930 6.47 32.10 37074 11857 5.93 31.98 47263 12396 6.20 26.22 11857 36.86 31.98 29.67 32.10 12930 11842 11389
SRR387661 star 199669 35165 13931 6.97 39.61 32462 12949 6.48 39.88 44367 13921 6.97 31.37 12949 47.78 39.88 38.48 39.88 13893 12949 12754
SRR307911 star 199669 32102 14581 7.30 45.42 29734 13681 6.85 46.01 40613 14543 7.28 35.80 13681 51.03 46.01 41.88 46.01 14487 13681 13032
SRR545723 star 199669 22853 12548 6.28 54.90 21706 12152 6.08 55.98 34137 13748 6.88 40.27 12152 59.17 55.98 53.91 55.98 12448 12152 11882
SRR315323 star 199669 27289 11652 5.83 42.69 25909 11233 5.62 43.35 33647 11800 5.90 35.06 11233 46.09 43.35 39.96 43.35 11562 11233 10764
SRR307903 star 199669 21770 13045 6.53 59.92 21166 12846 6.43 60.69 33003 14606 7.31 44.25 12846 61.61 60.69 58.87 60.69 12951 12846 12542
SRR315334 star 199669 25448 13176 6.59 51.77 23817 12491 6.25 52.44 33959 13586 6.80 40.00 12491 57.52 52.44 49.37 52.44 13097 12491 12119
SRR534307 star 199669 36279 15905 7.96 43.84 35243 15536 7.78 44.08 65159 18617 9.32 28.57 15536 46.92 44.08 47.30 44.08 15889 15536 16178
