SRR534319 star 199669 68335 16499 8.26 24.14 67499 14827 7.42 21.96 60302 13074 6.54 21.68 13074 34.06 28.45 21.68 24.14 16499 14224 12386
SRR534291 star 199669 44903 17488 8.75 38.94 43747 16059 8.04 36.70 41333 14477 7.25 35.02 14477 50.25 43.39 35.02 38.94 17488 15577 13560
SRR545695 star 199669 70865 17562 8.79 24.78 69952 15733 7.87 22.49 61187 14445 7.23 23.60 14445 34.85 27.95 23.60 24.78 17562 15166 14141
SRR387661 star 199669 61367 18990 9.51 30.94 60430 17616 8.82 29.15 55432 16405 8.21 29.59 16405 40.81 34.61 29.59 30.94 18990 17207 16079
SRR307911 star 199669 56470 19236 9.63 34.06 55444 17659 8.84 31.85 50981 16132 8.07 31.64 16132 44.95 38.48 31.64 34.06 19236 17165 15460
SRR545723 star 199669 47363 16739 8.38 35.34 46981 16003 8.01 34.06 48801 15469 7.74 31.69 15469 40.96 36.31 31.69 35.34 16739 15676 14611
SRR315323 star 199669 45135 14785 7.40 32.75 44715 13871 6.94 31.02 43689 12749 6.38 29.18 12749 40.96 36.43 29.18 32.75 14785 13507 11847
SRR307903 star 199669 38656 17014 8.52 44.01 38559 16544 8.28 42.90 39806 15803 7.91 39.70 15803 50.22 46.67 39.70 44.01 17014 16325 14831
SRR315334 star 199669 41339 17093 8.56 41.34 40689 16036 8.03 39.41 38025 14837 7.43 39.01 14837 52.23 45.95 39.01 41.34 17093 15632 14326
SRR534307 star 199669 70011 21403 10.71 30.57 69864 20924 10.47 29.94 68770 20822 10.42 30.27 20822 33.23 30.38 30.27 30.57 21403 20783 20757
