SRR534319 star 46069 12085 6.05 26.23 39227 8085 4.04 20.61 199669 4.05 41.98 20.61 26.23 6.05 3.44
SRR534291 star 30593 12878 6.44 42.09 31685 11051 5.53 34.87 199669 5.53 56.52 34.87 42.09 6.44 5.16
SRR545695 star 40579 12737 6.37 31.38 36485 9253 4.63 25.36 199669 4.63 47.26 25.36 31.38 6.37 4.04
SRR387661 star 35426 13606 6.81 38.40 35661 10970 5.49 30.76 199669 5.49 58.93 30.76 38.40 6.81 5.01
SRR307911 star 32541 14007 7.01 43.04 27606 11163 5.59 40.43 199669 5.59 60.81 40.43 43.04 7.01 5.42
SRR545723 star 23163 12343 6.18 53.28 19142 10470 5.24 54.69 199669 5.24 69.81 54.69 54.69 6.12 5.24
SRR315323 star 27745 11121 5.56 40.08 22929 8565 4.28 37.35 199669 4.29 58.14 37.35 40.08 5.56 4.11
SRR307903 star 22217 12678 6.34 57.06 21938 10706 5.36 48.80 199669 5.36 71.39 48.80 57.06 6.34 4.79
SRR315334 star 25814 12760 6.39 49.43 23404 10417 5.21 44.50 199669 5.22 67.67 44.50 49.43 6.39 4.94
SRR534307 star 36610 15754 7.89 43.03 39114 14204 7.11 36.31 199669 7.11 54.78 36.31 43.03 7.89 6.65
