ENCFF001RRX default 169009 34916 13250 7.83 37.94 34407 13096 7.74 38.06 34816 12794 7.57 36.74 12794 42.61 41.47 36.74 38.06 13242 13096 12697
ENCFF001RSM default 169009 34610 13692 8.10 39.56 34260 13595 8.04 39.68 34428 13271 7.85 38.54 13271 43.67 42.73 38.54 39.68 13675 13595 13161
ENCFF001RWH default 169009 25028 9791 5.79 39.12 24170 9510 5.62 39.34 23894 9300 5.50 38.92 9300 43.71 41.83 38.92 39.34 9768 9510 9262
ENCFF001RWL default 169009 25697 12946 7.65 50.37 24718 12647 7.48 51.16 23644 12360 7.31 52.27 12360 55.69 54.27 52.27 52.27 12748 12552 12360
ENCFF002DKQ default 169009 26254 13604 8.04 51.81 25214 13286 7.86 52.69 24358 13044 7.71 53.55 13044 55.98 54.79 53.55 53.55 13389 13188 13044
ENCFF002DKV default 169009 17651 10910 6.45 61.80 17495 10879 6.43 62.18 17915 10810 6.39 60.34 10810 62.63 62.70 60.34 62.18 10853 10879 10621
ENCFF019PWN default 170378 26581 11644 6.83 43.80 26494 11584 6.79 43.72 30721 11845 6.95 38.55 11584 44.18 43.72 41.03 43.80 11644 11572 11241
ENCFF020BHL default 170378 42858 11315 6.64 26.40 41337 10779 6.32 26.07 42172 9831 5.77 23.31 9831 36.08 33.20 23.31 26.40 11315 10749 9438
ENCFF020JKV default 169009 51786 10012 5.92 19.33 50640 9729 5.75 19.21 51282 8915 5.27 17.38 8915 24.60 23.81 17.38 19.33 10012 9703 8572
ENCFF023MNP default 170378 32890 14540 8.53 44.20 31333 13997 8.21 44.67 31000 13675 8.02 44.11 13675 54.39 49.65 44.11 44.67 14510 13997 13645
ENCFF024INL default 170378 25272 8758 5.14 34.65 24211 8435 4.95 34.83 22895 7549 4.43 32.97 7549 45.85 43.95 32.97 34.83 8738 8435 7384
ENCFF031DGP default 170378 24768 9683 5.68 39.09 23310 9182 5.38 39.39 21194 8061 4.73 38.03 8061 54.17 51.98 38.03 39.39 9656 9182 7936
ENCFF040LQY default 170378 19519 10047 5.89 51.47 18639 9787 5.74 52.50 15554 8461 4.96 54.39 8461 66.74 67.04 54.39 54.39 9823 9664 8461
ENCFF044SJL default 170378 28173 12950 7.60 45.96 26193 12482 7.32 47.65 22825 11617 6.81 50.89 11617 58.28 57.91 50.89 50.89 12493 12253 11617
ENCFF046HDL default 170378 24295 11990 7.03 49.35 22789 11574 6.79 50.78 19904 10572 6.20 53.11 10572 62.95 62.57 53.11 53.11 11672 11412 10572
ENCFF050RHK default 170378 24765 8702 5.10 35.13 23902 8442 4.95 35.31 22744 7585 4.45 33.34 7585 45.82 44.75 33.34 35.31 8693 8442 7425
ENCFF052GIA default 170378 33956 13648 8.01 40.19 31726 12755 7.48 40.20 32524 12162 7.13 37.39 12162 55.09 49.04 37.39 40.20 13648 12755 11999
ENCFF054RXE default 169009 32056 12170 7.20 37.96 30368 11858 7.01 39.04 26442 10706 6.33 40.48 10706 48.90 48.86 40.48 40.48 11858 11706 10706
ENCFF068GSV default 170378 22419 12701 7.45 56.65 22303 12663 7.43 56.77 25470 13004 7.63 51.05 12663 57.18 56.77 55.23 56.77 12693 12663 12512
ENCFF075XPF default 170378 31738 13733 8.06 43.26 29874 13034 7.65 43.62 28993 12626 7.41 43.54 12626 55.91 50.80 43.54 43.62 13697 13034 12625
ENCFF084JYA default 170378 20313 12098 7.10 59.55 18856 11691 6.86 62.00 16517 10523 6.17 63.71 10523 72.03 73.35 63.71 63.71 11644 11526 10523
ENCFF088RGO default 169009 12787 3560 2.10 27.84 12763 3554 2.10 27.84 14182 3669 2.17 25.87 3554 27.90 27.84 27.26 27.84 3560 3554 3518
ENCFF095MSA default 170378 34784 10379 6.09 29.83 32909 9645 5.66 29.30 35224 8804 5.16 24.99 8804 41.44 37.88 24.99 29.83 10379 9596 8213
ENCFF098AZJ default 170378 20706 6569 3.85 31.72 20621 6555 3.84 31.78 22712 6714 3.94 29.56 6555 31.87 31.78 30.95 31.78 6564 6555 6466
ENCFF100BIM default 169009 33738 12359 7.31 36.63 32485 11983 7.09 36.88 32098 11386 6.73 35.47 11386 44.73 43.00 35.47 36.88 12338 11983 11239
ENCFF101NVY default 170378 18675 9496 5.57 50.84 17972 9265 5.43 51.55 14803 8072 4.73 54.52 8072 64.93 64.90 54.52 54.52 9172 9033 8072
ENCFF126PQC default 169009 24801 10069 5.95 40.59 23931 9928 5.87 41.48 19347 8286 4.90 42.82 8286 54.85 56.07 42.82 42.82 9806 9792 8286
ENCFF130QNU default 169009 28016 11628 6.88 41.50 26879 11299 6.68 42.03 23733 10356 6.12 43.63 10356 54.66 53.13 43.63 43.63 11437 11177 10356
ENCFF134DLO default 170378 30724 10488 6.15 34.13 29075 10048 5.89 34.55 27476 9136 5.36 33.25 9136 44.73 43.21 33.25 34.55 10448 10048 9027
ENCFF135DSP default 170378 27237 10790 6.33 39.61 26212 10455 6.13 39.88 22906 9514 5.58 41.53 9514 53.34 51.62 41.53 41.53 10620 10315 9514
ENCFF136KRX default 170378 24296 14820 8.69 60.99 24110 14735 8.64 61.11 26643 15123 8.87 56.76 14735 61.71 61.11 60.23 61.11 14803 14735 14611
ENCFF142WMA default 170378 24869 8856 5.19 35.61 23863 8540 5.01 35.78 22304 7579 4.44 33.98 7579 47.15 45.83 33.98 35.78 8843 8540 7405
ENCFF166HWB default 169009 34997 14523 8.59 41.49 33315 13968 8.26 41.92 32704 13596 8.04 41.57 13596 52.43 48.29 41.57 41.92 14498 13968 13578
ENCFF172AWE default 170378 23027 5940 3.48 25.79 22905 5910 3.46 25.80 25099 6062 3.55 24.15 5910 25.96 25.80 25.17 25.80 5939 5910 5856
ENCFF176HWN default 169009 43227 12868 7.61 29.76 41040 12221 7.23 29.77 41183 11472 6.78 27.85 11472 40.83 38.02 27.85 29.77 12868 12221 11313
ENCFF216PVC default 170378 25187 9258 5.43 36.75 24161 8921 5.23 36.92 22510 7995 4.69 35.51 7995 47.50 46.03 35.51 36.92 9243 8921 7859
ENCFF227NHT default 170378 22672 5040 2.95 22.23 22597 5021 2.94 22.21 24202 5102 2.99 21.08 5021 22.46 22.21 21.87 22.23 5040 5021 4994
ENCFF233ICM default 170378 35617 10352 6.07 29.06 35466 10310 6.05 29.07 39122 10551 6.19 26.96 10310 29.39 29.07 28.64 29.07 10351 10310 10247
ENCFF240IBI default 170378 27542 10161 5.96 36.89 26383 9760 5.72 36.99 25229 8928 5.24 35.38 8928 48.34 46.00 35.38 36.99 10152 9760 8784
ENCFF255JTL default 169009 16460 4742 2.80 28.80 16432 4739 2.80 28.84 18601 4924 2.91 26.47 4739 28.92 28.84 28.52 28.84 4741 4739 4714
ENCFF257GEY default 170378 22934 9120 5.35 39.76 22801 9073 5.32 39.79 24900 9243 5.42 37.12 9073 39.97 39.79 38.43 39.79 9116 9073 8900
ENCFF296GRX default 170378 25237 8580 5.03 33.99 24240 8181 4.80 33.75 22974 7309 4.28 31.81 7309 45.98 43.52 31.81 33.99 8580 8162 7095
ENCFF306YQS default 170378 19593 11659 6.84 59.50 18320 11381 6.67 62.12 15534 10093 5.92 64.97 10093 71.78 73.93 64.97 64.97 11039 11107 10093
ENCFF316NIV default 170378 25478 8909 5.22 34.96 24263 8489 4.98 34.98 22428 7400 4.34 32.99 7400 48.71 47.16 32.99 34.98 8909 8489 7206
ENCFF386PAW default 170378 24176 8775 5.15 36.29 22928 8327 4.88 36.31 21173 7219 4.23 34.09 7219 50.28 48.63 34.09 36.31 8773 8327 7024
ENCFF448GEE default 170378 29894 10849 6.36 36.29 29619 10778 6.32 36.38 31353 10927 6.41 34.85 10778 36.77 36.38 35.85 36.38 10834 10778 10684
ENCFF455XNT default 170378 23662 7927 4.65 33.50 23094 7689 4.51 33.29 22007 6930 4.06 31.48 6930 42.66 40.95 31.48 33.50 7927 7671 6741
ENCFF537YYU default 170378 24583 9146 5.36 37.20 23823 8866 5.20 37.21 22542 8122 4.76 36.03 8122 47.13 45.51 36.03 37.21 9146 8866 8031
ENCFF685IGY default 170378 16459 4210 2.47 25.57 16437 4207 2.46 25.59 17956 4335 2.54 24.14 4207 25.62 25.59 25.36 25.59 4208 4207 4186
ENCFF710AVC default 170378 23524 8051 4.72 34.22 23455 8037 4.71 34.26 25743 8218 4.82 31.92 8037 34.36 34.26 33.41 34.26 8049 8037 7937
