SRR534319 star 199669 68271 16964 8.49 24.84 67426 15542 7.78 23.05 61809 14658 7.34 23.71 14658 31.08 26.12 23.71 24.84 16964 14989 14325
SRR534291 star 199669 44706 18046 9.03 40.36 43650 16919 8.47 38.76 41013 15452 7.73 37.67 15452 49.50 44.66 37.67 40.36 18046 16506 14811
SRR545695 star 199669 71028 17907 8.96 25.21 70154 16405 8.21 23.38 62837 15706 7.86 24.99 15706 32.02 25.90 24.99 25.21 17907 15870 15648
SRR387661 star 199669 61453 19487 9.75 31.71 60567 18391 9.21 30.36 55140 17431 8.72 31.61 17431 39.13 34.17 31.61 31.71 19487 18049 17392
SRR307911 star 199669 56436 20039 10.03 35.50 55488 18840 9.43 33.95 50392 17343 8.68 34.41 17343 44.28 39.80 34.41 35.50 20039 18452 17095
SRR545723 star 199669 47501 17123 8.57 36.04 47136 16535 8.28 35.07 47039 16270 8.14 34.58 16270 39.18 36.02 34.58 36.04 17123 16265 15887
SRR315323 star 199669 44890 15533 7.77 34.60 44572 14873 7.44 33.36 43045 14012 7.01 32.55 14012 40.52 37.06 32.55 34.60 15533 14541 13510
SRR307903 star 199669 38576 17591 8.81 45.60 38525 17326 8.67 44.97 38400 16874 8.45 43.94 16874 48.80 47.12 43.94 45.60 17591 17198 16482
SRR315334 star 199669 41239 17629 8.82 42.74 40657 16847 8.43 41.43 37458 15792 7.90 42.15 15792 51.09 46.49 42.15 42.74 17629 16528 15673
SRR534307 star 199669 69931 21640 10.83 30.94 69747 21339 10.68 30.59 68659 21450 10.74 31.24 21339 32.45 30.59 31.66 31.24 21579 21198 21450
