SRR534319 star 199669 46069 12085 6.05 26.23 43352 10902 5.46 25.14 39227 8085 4.04 20.61 8085 41.98 40.55 20.61 26.23 12085 10770 6859
SRR534291 star 199669 30593 12878 6.44 42.09 28374 11815 5.91 41.64 31685 11051 5.53 34.87 11051 56.52 50.81 34.87 42.09 12878 11781 10303
SRR545695 star 199669 40579 12737 6.37 31.38 37297 11437 5.72 30.66 36485 9253 4.63 25.36 9253 47.26 44.56 25.36 31.38 12737 11366 8075
SRR387661 star 199669 35426 13606 6.81 38.40 32603 12425 6.22 38.10 35661 10970 5.49 30.76 10970 58.93 54.79 30.76 38.40 13606 12408 10011
SRR307911 star 199669 32541 14007 7.01 43.04 30169 12912 6.46 42.79 27606 11163 5.59 40.43 11163 60.81 58.40 40.43 43.04 14007 12895 10819
SRR545723 star 199669 23163 12343 6.18 53.28 22023 11864 5.94 53.87 19142 10470 5.24 54.69 10470 69.81 68.83 54.69 54.69 12212 11801 10470
SRR315323 star 199669 27745 11121 5.56 40.08 26445 10511 5.26 39.74 22929 8565 4.28 37.35 8565 58.14 57.02 37.35 40.08 11121 10482 8199
SRR307903 star 199669 22217 12678 6.34 57.06 21617 12333 6.17 57.05 21938 10706 5.36 48.80 10706 71.39 70.97 48.80 57.06 12678 12332 9566
SRR315334 star 199669 25814 12760 6.39 49.43 24221 11950 5.98 49.33 23404 10417 5.21 44.50 10417 67.67 65.58 44.50 49.43 12760 11945 9859
SRR534307 star 199669 36610 15754 7.89 43.03 35558 15298 7.66 43.02 39114 14204 7.11 36.31 14204 54.78 52.38 36.31 43.03 15754 15297 13278
