SRR534319 star 67426 15542 7.78 23.05 61809 14658 7.34 23.71 199669 7.34 26.12 23.71 23.71 7.68 7.34
SRR534291 star 43650 16919 8.47 38.76 41013 15452 7.73 37.67 199669 7.74 44.66 37.67 38.76 8.47 7.63
SRR545695 star 70154 16405 8.21 23.38 62837 15706 7.86 24.99 199669 7.87 25.90 24.99 24.99 7.98 7.86
SRR387661 star 60567 18391 9.21 30.36 55140 17431 8.72 31.61 199669 8.73 34.17 31.61 31.61 9.05 8.72
SRR307911 star 55488 18840 9.43 33.95 50392 17343 8.68 34.41 199669 8.69 39.80 34.41 34.41 9.37 8.68
SRR545723 star 47136 16535 8.28 35.07 47039 16270 8.14 34.58 199669 8.15 36.02 34.58 35.07 8.28 8.08
SRR315323 star 44572 14873 7.44 33.36 43045 14012 7.01 32.55 199669 7.02 37.06 32.55 33.36 7.44 6.92
SRR307903 star 38525 17326 8.67 44.97 38400 16874 8.45 43.94 199669 8.45 47.12 43.94 44.97 8.67 8.32
SRR315334 star 40657 16847 8.43 41.43 37458 15792 7.90 42.15 199669 7.91 46.49 42.15 42.15 8.35 7.90
SRR534307 star 69747 21339 10.68 30.59 68659 21450 10.74 31.24 199669 10.69 30.59 31.66 31.24 10.62 10.74
