SRR534319 hisat 44779 10699 5.35 23.89 40267 8929 4.47 22.17 199669 4.47 33.65 22.17 23.89 5.35 4.29
SRR534291 hisat 29034 11925 5.97 41.07 30613 11557 5.78 37.75 199669 5.79 45.89 37.75 41.07 5.97 5.64
SRR545695 hisat 39339 11025 5.52 28.02 37153 9621 4.81 25.89 199669 4.82 37.09 25.89 28.02 5.52 4.63
SRR387661 hisat 34567 12306 6.16 35.60 34897 11435 5.72 32.76 199669 5.73 45.77 32.76 35.60 6.16 5.59
SRR307911 hisat 30860 12899 6.46 41.79 27385 11955 5.98 43.65 199669 5.99 50.77 43.65 43.65 6.37 5.98
SRR545723 hisat 23663 11661 5.84 49.27 21313 11167 5.59 52.39 199669 5.59 56.46 52.39 52.39 5.74 5.59
SRR315323 hisat 26645 10510 5.26 39.44 23339 9526 4.77 40.81 199669 4.77 48.75 40.81 40.81 5.19 4.77
SRR307903 hisat 22163 12411 6.21 55.99 20719 11724 5.87 56.58 199669 5.87 62.46 56.58 56.58 6.19 5.87
SRR315334 hisat 24481 11948 5.98 48.80 22388 11181 5.59 49.94 199669 5.60 57.58 49.94 49.94 5.94 5.59
SRR534307 hisat 37057 14638 7.33 39.50 39165 14279 7.15 36.45 199669 7.15 43.01 36.45 39.50 7.33 7.01
