ENCFF001RRX default 34916 13250 7.83 37.94 34816 12794 7.57 36.74 169009 7.57 42.61 36.74 37.94 7.83 7.52
ENCFF001RSM default 34610 13692 8.10 39.56 34428 13271 7.85 38.54 169009 7.85 43.67 38.54 39.56 8.10 7.80
ENCFF001RWH default 25028 9791 5.79 39.12 23894 9300 5.50 38.92 169009 5.50 43.71 38.92 39.12 5.79 5.49
ENCFF001RWL default 25697 12946 7.65 50.37 23644 12360 7.31 52.27 169009 7.31 55.69 52.27 52.27 7.54 7.31
ENCFF002DKQ default 26254 13604 8.04 51.81 24358 13044 7.71 53.55 169009 7.72 55.98 53.55 53.55 7.92 7.71
ENCFF002DKV default 17651 10910 6.45 61.80 17915 10810 6.39 60.34 169009 6.40 62.63 60.34 61.80 6.45 6.31
ENCFF019PWN default 26581 11644 6.83 43.80 30721 11845 6.95 38.55 170378 6.83 43.80 40.59 43.80 6.83 6.60
ENCFF020BHL default 42858 11315 6.64 26.40 42172 9831 5.77 23.31 170378 5.77 36.08 23.31 26.40 6.64 5.54
ENCFF020JKV default 51786 10012 5.92 19.33 51282 8915 5.27 17.38 169009 5.27 24.60 17.38 19.33 5.92 5.07
ENCFF023MNP default 32890 14540 8.53 44.20 31000 13675 8.02 44.11 170378 8.03 54.39 44.11 44.20 8.53 8.02
ENCFF024INL default 25272 8758 5.14 34.65 22895 7549 4.43 32.97 170378 4.43 45.85 32.97 34.65 5.14 4.35
ENCFF031DGP default 24768 9683 5.68 39.09 21194 8061 4.73 38.03 170378 4.73 54.17 38.03 39.09 5.68 4.67
ENCFF040LQY default 19519 10047 5.89 51.47 15554 8461 4.96 54.39 170378 4.97 66.74 54.39 54.39 5.77 4.96
ENCFF044SJL default 28173 12950 7.60 45.96 22825 11617 6.81 50.89 170378 6.82 58.28 50.89 50.89 7.33 6.81
ENCFF046HDL default 24295 11990 7.03 49.35 19904 10572 6.20 53.11 170378 6.21 62.95 53.11 53.11 6.85 6.20
ENCFF050RHK default 24765 8702 5.10 35.13 22744 7585 4.45 33.34 170378 4.45 45.82 33.34 35.13 5.10 4.37
ENCFF052GIA default 33956 13648 8.01 40.19 32524 12162 7.13 37.39 170378 7.14 55.09 37.39 40.19 8.01 7.04
ENCFF054RXE default 32056 12170 7.20 37.96 26442 10706 6.33 40.48 169009 6.33 48.90 40.48 40.48 7.02 6.33
ENCFF068GSV default 22419 12701 7.45 56.65 25470 13004 7.63 51.05 170378 7.45 56.65 54.83 56.65 7.45 7.35
ENCFF075XPF default 31738 13733 8.06 43.26 28993 12626 7.41 43.54 170378 7.41 55.91 43.54 43.54 8.04 7.41
ENCFF084JYA default 20313 12098 7.10 59.55 16517 10523 6.17 63.71 170378 6.18 72.03 63.71 63.71 6.83 6.17
ENCFF088RGO default 12787 3560 2.10 27.84 14182 3669 2.17 25.87 169009 2.11 27.84 27.20 27.84 2.10 2.08
ENCFF095MSA default 34784 10379 6.09 29.83 35224 8804 5.16 24.99 170378 5.17 41.44 24.99 29.83 6.09 4.82
ENCFF098AZJ default 20706 6569 3.85 31.72 22712 6714 3.94 29.56 170378 3.86 31.72 30.85 31.72 3.85 3.80
ENCFF100BIM default 33738 12359 7.31 36.63 32098 11386 6.73 35.47 169009 6.74 44.73 35.47 36.63 7.31 6.66
ENCFF101NVY default 18675 9496 5.57 50.84 14803 8072 4.73 54.52 170378 4.74 64.93 54.52 54.52 5.38 4.73
ENCFF126PQC default 24801 10069 5.95 40.59 19347 8286 4.90 42.82 169009 4.90 54.85 42.82 42.82 5.80 4.90
ENCFF130QNU default 28016 11628 6.88 41.50 23733 10356 6.12 43.63 169009 6.13 54.66 43.63 43.63 6.77 6.12
ENCFF134DLO default 30724 10488 6.15 34.13 27476 9136 5.36 33.25 170378 5.36 44.73 33.25 34.13 6.15 5.32
ENCFF135DSP default 27237 10790 6.33 39.61 22906 9514 5.58 41.53 170378 5.58 53.34 41.53 41.53 6.23 5.58
ENCFF136KRX default 24296 14820 8.69 60.99 26643 15123 8.87 56.76 170378 8.70 60.99 59.60 60.99 8.69 8.59
ENCFF142WMA default 24869 8856 5.19 35.61 22304 7579 4.44 33.98 170378 4.45 47.15 33.98 35.61 5.19 4.36
ENCFF166HWB default 34997 14523 8.59 41.49 32704 13596 8.04 41.57 169009 8.04 52.43 41.57 41.57 8.59 8.04
ENCFF172AWE default 23027 5940 3.48 25.79 25099 6062 3.55 24.15 170378 3.49 25.79 24.92 25.79 3.48 3.44
ENCFF176HWN default 43227 12868 7.61 29.76 41183 11472 6.78 27.85 169009 6.79 40.83 27.85 29.76 7.61 6.69
ENCFF216PVC default 25187 9258 5.43 36.75 22510 7995 4.69 35.51 170378 4.69 47.50 35.51 36.75 5.43 4.62
ENCFF227NHT default 22672 5040 2.95 22.23 24202 5102 2.99 21.08 170378 2.96 22.23 21.74 22.23 2.95 2.93
ENCFF233ICM default 35617 10352 6.07 29.06 39122 10551 6.19 26.96 170378 6.08 29.06 28.35 29.06 6.07 6.02
ENCFF240IBI default 27542 10161 5.96 36.89 25229 8928 5.24 35.38 170378 5.24 48.34 35.38 36.89 5.96 5.16
ENCFF255JTL default 16460 4742 2.80 28.80 18601 4924 2.91 26.47 169009 2.81 28.80 28.51 28.80 2.80 2.79
ENCFF257GEY default 22934 9120 5.35 39.76 24900 9243 5.42 37.12 170378 5.35 39.76 37.99 39.76 5.35 5.22
ENCFF296GRX default 25237 8580 5.03 33.99 22974 7309 4.28 31.81 170378 4.29 45.98 31.81 33.99 5.03 4.16
ENCFF306YQS default 19593 11659 6.84 59.50 15534 10093 5.92 64.97 170378 5.92 71.78 64.97 64.97 6.48 5.92
ENCFF316NIV default 25478 8909 5.22 34.96 22428 7400 4.34 32.99 170378 4.34 48.71 32.99 34.96 5.22 4.23
ENCFF386PAW default 24176 8775 5.15 36.29 21173 7219 4.23 34.09 170378 4.24 50.28 34.09 36.29 5.15 4.12
ENCFF448GEE default 29894 10849 6.36 36.29 31353 10927 6.41 34.85 170378 6.37 36.29 35.34 36.29 6.36 6.28
ENCFF455XNT default 23662 7927 4.65 33.50 22007 6930 4.06 31.48 170378 4.07 42.66 31.48 33.50 4.65 3.96
ENCFF537YYU default 24583 9146 5.36 37.20 22542 8122 4.76 36.03 170378 4.77 47.13 36.03 37.20 5.36 4.71
ENCFF685IGY default 16459 4210 2.47 25.57 17956 4335 2.54 24.14 170378 2.47 25.57 25.29 25.57 2.47 2.46
ENCFF710AVC default 23524 8051 4.72 34.22 25743 8218 4.82 31.92 170378 4.73 34.22 33.30 34.22 4.72 4.66
