SRR534319 hisat 68419 15947 7.98 23.30 62268 13988 7.00 22.46 199669 7.01 29.75 22.46 23.30 7.98 6.89
SRR534291 hisat 44633 16939 8.48 37.95 40719 14645 7.33 35.96 199669 7.33 47.24 35.96 37.95 8.48 7.13
SRR545695 hisat 71154 16686 8.35 23.45 63245 14871 7.44 23.51 199669 7.45 30.25 23.51 23.51 8.34 7.44
SRR387661 hisat 61676 18506 9.26 30.00 54290 16536 8.28 30.45 199669 8.28 38.05 30.45 30.45 9.20 8.28
SRR307911 hisat 55621 18742 9.38 33.69 49533 16511 8.26 33.33 199669 8.27 42.60 33.33 33.69 9.38 8.22
SRR545723 hisat 51073 16226 8.12 31.77 50256 15468 7.74 30.77 199669 7.75 35.50 30.77 31.77 8.12 7.61
SRR315323 hisat 44962 14645 7.33 32.57 42753 13327 6.67 31.17 199669 6.67 38.69 31.17 32.57 7.33 6.51
SRR307903 hisat 37940 16668 8.34 43.93 37283 16043 8.03 43.03 199669 8.03 47.34 43.03 43.93 8.34 7.93
SRR315334 hisat 40383 16683 8.35 41.31 36438 14984 7.50 41.12 199669 7.50 50.02 41.12 41.31 8.35 7.48
SRR534307 hisat 67840 20365 10.19 30.01 66511 20370 10.20 30.62 199669 10.20 30.01 30.64 30.62 10.14 10.20
