SRR534319 star 68271 16964 8.49 24.84 61809 14658 7.34 23.71 199669 7.34 31.08 23.71 24.84 8.49 7.17
SRR534291 star 44706 18046 9.03 40.36 41013 15452 7.73 37.67 199669 7.74 49.50 37.67 40.36 9.03 7.42
SRR545695 star 71028 17907 8.96 25.21 62837 15706 7.86 24.99 199669 7.87 32.02 24.99 25.21 8.96 7.84
SRR387661 star 61453 19487 9.75 31.71 55140 17431 8.72 31.61 199669 8.73 39.13 31.61 31.71 9.75 8.71
SRR307911 star 56436 20039 10.03 35.50 50392 17343 8.68 34.41 199669 8.69 44.28 34.41 35.50 10.03 8.56
SRR545723 star 47501 17123 8.57 36.04 47039 16270 8.14 34.58 199669 8.15 39.18 34.58 36.04 8.57 7.96
SRR315323 star 44890 15533 7.77 34.60 43045 14012 7.01 32.55 199669 7.02 40.52 32.55 34.60 7.77 6.77
SRR307903 star 38576 17591 8.81 45.60 38400 16874 8.45 43.94 199669 8.45 48.80 43.94 45.60 8.81 8.25
SRR315334 star 41239 17629 8.82 42.74 37458 15792 7.90 42.15 199669 7.91 51.09 42.15 42.74 8.82 7.85
SRR534307 star 69931 21640 10.83 30.94 68659 21450 10.74 31.24 199669 10.74 31.91 31.24 31.24 10.81 10.74
