ENCFF001RRX default 51761 17617 10.42 34.03 52375 17289 10.22 33.01 169009 10.23 35.32 33.01 34.03 10.42 10.08
ENCFF001RSM default 52661 18308 10.83 34.76 53769 18220 10.78 33.88 169009 10.78 35.08 33.88 34.76 10.83 10.61
ENCFF001RWH default 38039 12884 7.62 33.87 36057 12096 7.15 33.54 169009 7.16 36.43 33.54 33.87 7.62 7.12
ENCFF001RWL default 47496 18182 10.75 38.28 46713 17726 10.48 37.94 169009 10.49 39.97 37.94 38.28 10.75 10.44
ENCFF002DKQ default 50453 19220 11.37 38.09 49775 18949 11.21 38.06 169009 11.21 38.85 38.06 38.09 11.37 11.21
ENCFF002DKV default 28218 14025 8.29 49.70 30027 13951 8.25 46.46 169009 8.25 49.95 46.46 49.70 8.29 7.86
ENCFF019PWN default 39869 14972 8.78 37.55 45369 15285 8.97 33.69 170378 8.79 37.55 34.94 37.55 8.78 8.43
ENCFF020BHL default 50451 14149 8.30 28.04 48715 12687 7.44 26.04 170378 7.45 32.98 26.04 28.04 8.30 7.08
ENCFF020JKV default 51582 11524 6.81 22.34 51957 10687 6.32 20.56 169009 6.32 25.10 20.56 22.34 6.81 5.98
ENCFF023MNP default 45368 18771 11.01 41.37 43385 17690 10.38 40.77 170378 10.38 46.09 40.77 41.37 11.01 10.32
ENCFF024INL default 31722 10680 6.26 33.66 29894 9279 5.44 31.03 170378 5.45 41.27 31.03 33.66 6.26 5.16
ENCFF031DGP default 32714 12057 7.07 36.85 29957 10248 6.01 34.20 170378 6.01 46.07 34.20 36.85 7.07 5.72
ENCFF040LQY default 25670 12385 7.26 48.24 23398 10782 6.32 46.08 170378 6.33 57.57 46.08 48.24 7.26 6.12
ENCFF044SJL default 47633 17976 10.55 37.73 44865 17070 10.01 38.04 170378 10.02 41.66 38.04 38.04 10.50 10.01
ENCFF046HDL default 33868 15518 9.10 45.81 30825 13997 8.21 45.40 170378 8.22 53.80 45.40 45.81 9.10 8.18
ENCFF050RHK default 30788 10567 6.20 34.32 29484 9314 5.46 31.59 170378 5.47 40.48 31.59 34.32 6.20 5.17
ENCFF052GIA default 47232 17864 10.48 37.82 42866 15417 9.04 35.96 170378 9.05 47.79 35.96 37.82 10.48 8.79
ENCFF054RXE default 50357 16496 9.76 32.75 47920 15709 9.29 32.78 169009 9.29 35.90 32.78 32.78 9.76 9.29
ENCFF068GSV default 32596 15867 9.31 48.67 37853 16515 9.69 43.62 170378 9.31 48.67 46.38 48.67 9.31 9.04
ENCFF075XPF default 46863 18361 10.77 39.18 44763 16888 9.91 37.72 170378 9.91 45.43 37.72 39.18 10.77 9.73
ENCFF084JYA default 28114 15105 8.86 53.72 25358 13421 7.87 52.92 170378 7.88 62.34 52.92 53.72 8.86 7.79
ENCFF088RGO default 13165 3610 2.13 27.42 15614 3805 2.25 24.36 169009 2.14 27.42 25.74 27.42 2.13 2.02
ENCFF095MSA default 46254 13349 7.83 28.86 42548 10701 6.28 25.15 170378 6.28 37.18 25.15 28.86 7.83 5.59
ENCFF098AZJ default 31283 8029 4.71 25.66 34505 8226 4.82 23.84 170378 4.71 25.66 24.70 25.66 4.71 4.59
ENCFF100BIM default 44227 16002 9.46 36.18 43542 14969 8.85 34.37 169009 8.86 39.44 34.37 36.18 9.46 8.54
ENCFF101NVY default 25472 11963 7.02 46.96 23111 10529 6.17 45.55 170378 6.18 54.78 45.55 46.96 7.02 6.04
ENCFF126PQC default 37512 13207 7.81 35.20 36210 12185 7.20 33.65 169009 7.21 39.41 33.65 35.20 7.81 6.98
ENCFF130QNU default 39552 15185 8.98 38.39 36567 13936 8.24 38.11 169009 8.25 45.23 38.11 38.39 8.98 8.21
ENCFF134DLO default 40605 13576 7.96 33.43 38419 12156 7.13 31.64 170378 7.13 39.85 31.64 33.43 7.96 6.93
ENCFF135DSP default 37798 14179 8.32 37.51 34416 12838 7.53 37.30 170378 7.54 44.79 37.30 37.51 8.32 7.51
ENCFF136KRX default 43695 20237 11.87 46.31 49447 20694 12.14 41.85 170378 11.88 46.31 43.98 46.31 11.87 11.58
ENCFF142WMA default 31433 10814 6.34 34.40 29876 9451 5.54 31.63 170378 5.55 41.19 31.63 34.40 6.34 5.19
ENCFF166HWB default 50195 19215 11.36 38.28 48199 18110 10.71 37.57 169009 10.72 43.09 37.57 38.28 11.36 10.62
ENCFF172AWE default 29707 6917 4.05 23.28 32499 7001 4.10 21.54 170378 4.06 23.28 21.76 23.28 4.05 3.84
ENCFF176HWN default 57183 16087 9.51 28.13 56622 15083 8.92 26.63 169009 8.92 32.33 26.63 28.13 9.51 8.70
ENCFF216PVC default 31797 11319 6.64 35.59 30511 9949 5.83 32.60 170378 5.84 42.10 32.60 35.59 6.64 5.44
ENCFF227NHT default 33808 6069 3.56 17.95 36032 6114 3.58 16.96 170378 3.56 17.95 17.13 17.95 3.56 3.49
ENCFF233ICM default 57456 12810 7.51 22.29 64158 13057 7.66 20.35 170378 7.52 22.29 21.19 22.29 7.51 7.37
ENCFF240IBI default 34694 12468 7.31 35.93 33695 11181 6.56 33.18 170378 6.56 42.47 33.18 35.93 7.31 6.23
ENCFF255JTL default 22849 5667 3.35 24.80 26298 5870 3.47 22.32 169009 3.35 24.80 23.14 24.80 3.35 3.18
ENCFF257GEY default 34554 11403 6.69 33.00 38348 11593 6.80 30.23 170378 6.69 33.00 30.83 33.00 6.69 6.38
ENCFF296GRX default 31982 10442 6.12 32.64 30203 8989 5.27 29.76 170378 5.28 39.77 29.76 32.64 6.12 4.91
ENCFF306YQS default 31727 15431 9.05 48.63 29393 13879 8.14 47.21 170378 8.15 55.46 47.21 48.63 9.05 8.00
ENCFF316NIV default 32435 10843 6.36 33.42 29690 9073 5.32 30.55 170378 5.33 42.53 30.55 33.42 6.36 4.96
ENCFF386PAW default 31242 10698 6.27 34.24 28710 8765 5.14 30.52 170378 5.14 44.09 30.52 34.24 6.27 4.72
ENCFF448GEE default 48383 14033 8.23 29.00 51852 14231 8.35 27.44 170378 8.24 29.00 28.02 29.00 8.23 8.05
ENCFF455XNT default 28007 9341 5.48 33.35 26760 8198 4.81 30.63 170378 4.81 39.30 30.63 33.35 5.48 4.50
ENCFF537YYU default 32537 11148 6.54 34.26 31223 10139 5.95 32.47 170378 5.95 39.34 32.47 34.26 6.54 5.70
ENCFF685IGY default 14704 3788 2.22 25.76 16880 3945 2.31 23.37 170378 2.22 25.76 24.38 25.76 2.22 2.06
ENCFF710AVC default 34630 10091 5.92 29.13 38534 10370 6.08 26.91 170378 5.92 29.13 27.83 29.13 5.92 5.74
