SRR534319 star 45826 12361 6.19 26.97 49839 11257 5.63 22.58 199669 5.64 31.16 22.58 26.97 6.19 5.23
SRR534291 star 30165 13300 6.66 44.09 37835 13527 6.77 35.75 199669 6.66 44.09 37.41 44.09 6.66 6.17
SRR545695 star 40279 12930 6.47 32.10 47263 12396 6.20 26.22 199669 6.21 34.56 26.22 32.10 6.47 5.70
SRR387661 star 35165 13931 6.97 39.61 44367 13921 6.97 31.37 199669 6.97 39.71 31.37 39.61 6.97 6.40
SRR307911 star 32102 14581 7.30 45.42 40613 14543 7.28 35.80 199669 7.28 45.69 35.80 45.42 7.30 6.57
SRR545723 star 22853 12548 6.28 54.90 34137 13748 6.88 40.27 199669 6.28 54.90 50.51 54.90 6.28 6.01
SRR315323 star 27289 11652 5.83 42.69 33647 11800 5.90 35.06 199669 5.84 42.69 36.51 42.69 5.83 5.44
SRR307903 star 21770 13045 6.53 59.92 33003 14606 7.31 44.25 199669 6.53 59.92 57.39 59.92 6.53 6.35
SRR315334 star 25448 13176 6.59 51.77 33959 13586 6.80 40.00 199669 6.60 51.77 43.47 51.77 6.59 6.11
SRR534307 star 36279 15905 7.96 43.84 65159 18617 9.32 28.57 199669 7.97 43.84 45.40 43.84 7.96 8.13
