SRR534319 hisat 199669 68419 15947 7.98 23.30 67702 14563 7.29 21.51 62268 13988 7.00 22.46 13988 29.75 23.99 22.46 23.30 15947 14166 13761
SRR534291 hisat 199669 44633 16939 8.48 37.95 43622 15892 7.95 36.43 40719 14645 7.33 35.96 14645 47.24 42.27 35.96 37.95 16939 15540 14245
SRR545695 hisat 199669 71154 16686 8.35 23.45 70423 15275 7.65 21.69 63245 14871 7.44 23.51 14871 30.25 23.21 23.51 23.51 16661 14806 14871
SRR387661 hisat 199669 61676 18506 9.26 30.00 60860 17271 8.64 28.37 54290 16536 8.28 30.45 16536 38.05 31.96 30.45 30.45 18376 16848 16536
SRR307911 hisat 199669 55621 18742 9.38 33.69 54925 17544 8.78 31.94 49533 16511 8.26 33.33 16511 42.60 36.44 33.33 33.69 18742 17064 16405
SRR545723 hisat 199669 51073 16226 8.12 31.77 50912 15695 7.86 30.82 50256 15468 7.74 30.77 15468 35.50 31.63 30.77 31.77 16226 15436 15188
SRR315323 hisat 199669 44962 14645 7.33 32.57 44832 13878 6.95 30.95 42753 13327 6.67 31.17 13327 38.69 33.91 31.17 32.57 14645 13544 12990
SRR307903 hisat 199669 37940 16668 8.34 43.93 37884 16356 8.19 43.17 37283 16043 8.03 43.03 16043 47.34 44.66 43.03 43.93 16668 16183 15828
SRR315334 hisat 199669 40383 16683 8.35 41.31 39792 15818 7.92 39.75 36438 14984 7.50 41.12 14984 50.02 44.52 41.12 41.31 16683 15541 14940
SRR534307 hisat 199669 67840 20365 10.19 30.01 67720 20051 10.04 29.60 66511 20370 10.20 30.62 20051 31.78 29.60 32.27 30.62 20250 19890 20370
