SRR534319 star 43064 11369 5.69 26.40 49839 11257 5.63 22.58 199669 5.64 27.05 22.58 26.40 5.69 5.28
SRR534291 star 27992 12431 6.22 44.40 37835 13527 6.77 35.75 199669 6.23 44.40 43.32 44.40 6.22 6.16
SRR545695 star 37074 11857 5.93 31.98 47263 12396 6.20 26.22 199669 5.94 31.98 29.67 31.98 5.93 5.71
SRR387661 star 32462 12949 6.48 39.88 44367 13921 6.97 31.37 199669 6.49 39.88 38.48 39.88 6.48 6.39
SRR307911 star 29734 13681 6.85 46.01 40613 14543 7.28 35.80 199669 6.85 46.01 41.88 46.01 6.85 6.53
SRR545723 star 21706 12152 6.08 55.98 34137 13748 6.88 40.27 199669 6.09 55.98 53.91 55.98 6.08 5.95
SRR315323 star 25909 11233 5.62 43.35 33647 11800 5.90 35.06 199669 5.63 43.35 39.96 43.35 5.62 5.39
SRR307903 star 21166 12846 6.43 60.69 33003 14606 7.31 44.25 199669 6.43 60.69 58.87 60.69 6.43 6.28
SRR315334 star 23817 12491 6.25 52.44 33959 13586 6.80 40.00 199669 6.26 52.44 49.37 52.44 6.25 6.07
SRR534307 star 35243 15536 7.78 44.08 65159 18617 9.32 28.57 199669 7.78 44.08 47.30 44.08 7.78 8.10
