SRR534319 hisat 67702 14563 7.29 21.51 62268 13988 7.00 22.46 199669 7.01 23.99 22.46 22.46 7.19 7.00
SRR534291 hisat 43622 15892 7.95 36.43 40719 14645 7.33 35.96 199669 7.33 42.27 35.96 36.43 7.95 7.30
SRR545695 hisat 70423 15275 7.65 21.69 63245 14871 7.44 23.51 199669 7.45 23.21 23.51 23.51 7.42 7.44
SRR387661 hisat 60860 17271 8.64 28.37 54290 16536 8.28 30.45 199669 8.28 31.96 30.45 30.45 8.44 8.28
SRR307911 hisat 54925 17544 8.78 31.94 49533 16511 8.26 33.33 199669 8.27 36.44 33.33 33.33 8.59 8.26
SRR545723 hisat 50912 15695 7.86 30.82 50256 15468 7.74 30.77 199669 7.75 31.63 30.77 30.82 7.86 7.74
SRR315323 hisat 44832 13878 6.95 30.95 42753 13327 6.67 31.17 199669 6.67 33.91 31.17 31.17 6.93 6.67
SRR307903 hisat 37884 16356 8.19 43.17 37283 16043 8.03 43.03 199669 8.03 44.66 43.03 43.17 8.19 8.02
SRR315334 hisat 39792 15818 7.92 39.75 36438 14984 7.50 41.12 199669 7.50 44.52 41.12 41.12 7.80 7.50
SRR534307 hisat 67720 20051 10.04 29.60 66511 20370 10.20 30.62 199669 10.04 29.60 32.27 30.62 9.96 10.20
