SRR534319 star 68335 16499 8.26 24.14 60302 13074 6.54 21.68 199669 6.55 34.06 21.68 24.14 8.26 6.20
SRR534291 star 44903 17488 8.75 38.94 41333 14477 7.25 35.02 199669 7.25 50.25 35.02 38.94 8.75 6.79
SRR545695 star 70865 17562 8.79 24.78 61187 14445 7.23 23.60 199669 7.23 34.85 23.60 24.78 8.79 7.08
SRR387661 star 61367 18990 9.51 30.94 55432 16405 8.21 29.59 199669 8.22 40.81 29.59 30.94 9.51 8.05
SRR307911 star 56470 19236 9.63 34.06 50981 16132 8.07 31.64 199669 8.08 44.95 31.64 34.06 9.63 7.74
SRR545723 star 47363 16739 8.38 35.34 48801 15469 7.74 31.69 199669 7.75 40.96 31.69 35.34 8.38 7.32
SRR315323 star 45135 14785 7.40 32.75 43689 12749 6.38 29.18 199669 6.39 40.96 29.18 32.75 7.40 5.93
SRR307903 star 38656 17014 8.52 44.01 39806 15803 7.91 39.70 199669 7.91 50.22 39.70 44.01 8.52 7.43
SRR315334 star 41339 17093 8.56 41.34 38025 14837 7.43 39.01 199669 7.43 52.23 39.01 41.34 8.56 7.17
SRR534307 star 70011 21403 10.71 30.57 68770 20822 10.42 30.27 199669 10.43 33.23 30.27 30.57 10.71 10.40
