ENCFF001RRX default 34407 13096 7.74 38.06 34816 12794 7.57 36.74 169009 7.57 41.47 36.74 38.06 7.74 7.51
ENCFF001RSM default 34260 13595 8.04 39.68 34428 13271 7.85 38.54 169009 7.85 42.73 38.54 39.68 8.04 7.79
ENCFF001RWH default 24170 9510 5.62 39.34 23894 9300 5.50 38.92 169009 5.50 41.83 38.92 39.34 5.62 5.48
ENCFF001RWL default 24718 12647 7.48 51.16 23644 12360 7.31 52.27 169009 7.31 54.27 52.27 52.27 7.43 7.31
ENCFF002DKQ default 25214 13286 7.86 52.69 24358 13044 7.71 53.55 169009 7.72 54.79 53.55 53.55 7.80 7.71
ENCFF002DKV default 17495 10879 6.43 62.18 17915 10810 6.39 60.34 169009 6.40 62.70 60.34 62.18 6.43 6.28
ENCFF019PWN default 26494 11584 6.79 43.72 30721 11845 6.95 38.55 170378 6.80 43.72 41.03 43.72 6.79 6.60
ENCFF020BHL default 41337 10779 6.32 26.07 42172 9831 5.77 23.31 170378 5.77 33.20 23.31 26.07 6.32 5.56
ENCFF020JKV default 50640 9729 5.75 19.21 51282 8915 5.27 17.38 169009 5.27 23.81 17.38 19.21 5.75 5.08
ENCFF023MNP default 31333 13997 8.21 44.67 31000 13675 8.02 44.11 170378 8.03 49.65 44.11 44.67 8.21 8.01
ENCFF024INL default 24211 8435 4.95 34.83 22895 7549 4.43 32.97 170378 4.43 43.95 32.97 34.83 4.95 4.33
ENCFF031DGP default 23310 9182 5.38 39.39 21194 8061 4.73 38.03 170378 4.73 51.98 38.03 39.39 5.38 4.66
ENCFF040LQY default 18639 9787 5.74 52.50 15554 8461 4.96 54.39 170378 4.97 67.04 54.39 54.39 5.67 4.96
ENCFF044SJL default 26193 12482 7.32 47.65 22825 11617 6.81 50.89 170378 6.82 57.91 50.89 50.89 7.19 6.81
ENCFF046HDL default 22789 11574 6.79 50.78 19904 10572 6.20 53.11 170378 6.21 62.57 53.11 53.11 6.70 6.20
ENCFF050RHK default 23902 8442 4.95 35.31 22744 7585 4.45 33.34 170378 4.45 44.75 33.34 35.31 4.95 4.36
ENCFF052GIA default 31726 12755 7.48 40.20 32524 12162 7.13 37.39 170378 7.14 49.04 37.39 40.20 7.48 7.04
ENCFF054RXE default 30368 11858 7.01 39.04 26442 10706 6.33 40.48 169009 6.33 48.86 40.48 40.48 6.93 6.33
ENCFF068GSV default 22303 12663 7.43 56.77 25470 13004 7.63 51.05 170378 7.43 56.77 55.23 56.77 7.43 7.34
ENCFF075XPF default 29874 13034 7.65 43.62 28993 12626 7.41 43.54 170378 7.41 50.80 43.54 43.62 7.65 7.41
ENCFF084JYA default 18856 11691 6.86 62.00 16517 10523 6.17 63.71 170378 6.18 73.35 63.71 63.71 6.76 6.17
ENCFF088RGO default 12763 3554 2.10 27.84 14182 3669 2.17 25.87 169009 2.10 27.84 27.26 27.84 2.10 2.08
ENCFF095MSA default 32909 9645 5.66 29.30 35224 8804 5.16 24.99 170378 5.17 37.88 24.99 29.30 5.66 4.85
ENCFF098AZJ default 20621 6555 3.84 31.78 22712 6714 3.94 29.56 170378 3.85 31.78 30.95 31.78 3.84 3.80
ENCFF100BIM default 32485 11983 7.09 36.88 32098 11386 6.73 35.47 169009 6.74 43.00 35.47 36.88 7.09 6.65
ENCFF101NVY default 17972 9265 5.43 51.55 14803 8072 4.73 54.52 170378 4.74 64.90 54.52 54.52 5.30 4.73
ENCFF126PQC default 23931 9928 5.87 41.48 19347 8286 4.90 42.82 169009 4.90 56.07 42.82 42.82 5.79 4.90
ENCFF130QNU default 26879 11299 6.68 42.03 23733 10356 6.12 43.63 169009 6.13 53.13 43.63 43.63 6.61 6.12
ENCFF134DLO default 29075 10048 5.89 34.55 27476 9136 5.36 33.25 170378 5.36 43.21 33.25 34.55 5.89 5.30
ENCFF135DSP default 26212 10455 6.13 39.88 22906 9514 5.58 41.53 170378 5.58 51.62 41.53 41.53 6.05 5.58
ENCFF136KRX default 24110 14735 8.64 61.11 26643 15123 8.87 56.76 170378 8.65 61.11 60.23 61.11 8.64 8.58
ENCFF142WMA default 23863 8540 5.01 35.78 22304 7579 4.44 33.98 170378 4.45 45.83 33.98 35.78 5.01 4.35
ENCFF166HWB default 33315 13968 8.26 41.92 32704 13596 8.04 41.57 169009 8.04 48.29 41.57 41.92 8.26 8.03
ENCFF172AWE default 22905 5910 3.46 25.80 25099 6062 3.55 24.15 170378 3.47 25.80 25.17 25.80 3.46 3.44
ENCFF176HWN default 41040 12221 7.23 29.77 41183 11472 6.78 27.85 169009 6.79 38.02 27.85 29.77 7.23 6.69
ENCFF216PVC default 24161 8921 5.23 36.92 22510 7995 4.69 35.51 170378 4.69 46.03 35.51 36.92 5.23 4.61
ENCFF227NHT default 22597 5021 2.94 22.21 24202 5102 2.99 21.08 170378 2.95 22.21 21.87 22.21 2.94 2.93
ENCFF233ICM default 35466 10310 6.05 29.07 39122 10551 6.19 26.96 170378 6.05 29.07 28.64 29.07 6.05 6.01
ENCFF240IBI default 26383 9760 5.72 36.99 25229 8928 5.24 35.38 170378 5.24 46.00 35.38 36.99 5.72 5.16
ENCFF255JTL default 16432 4739 2.80 28.84 18601 4924 2.91 26.47 169009 2.80 28.84 28.52 28.84 2.80 2.79
ENCFF257GEY default 22801 9073 5.32 39.79 24900 9243 5.42 37.12 170378 5.33 39.79 38.43 39.79 5.32 5.22
ENCFF296GRX default 24240 8181 4.80 33.75 22974 7309 4.28 31.81 170378 4.29 43.52 31.81 33.75 4.80 4.18
ENCFF306YQS default 18320 11381 6.67 62.12 15534 10093 5.92 64.97 170378 5.92 73.93 64.97 64.97 6.52 5.92
ENCFF316NIV default 24263 8489 4.98 34.98 22428 7400 4.34 32.99 170378 4.34 47.16 32.99 34.98 4.98 4.23
ENCFF386PAW default 22928 8327 4.88 36.31 21173 7219 4.23 34.09 170378 4.24 48.63 34.09 36.31 4.88 4.12
ENCFF448GEE default 29619 10778 6.32 36.38 31353 10927 6.41 34.85 170378 6.33 36.38 35.85 36.38 6.32 6.27
ENCFF455XNT default 23094 7689 4.51 33.29 22007 6930 4.06 31.48 170378 4.07 40.95 31.48 33.29 4.51 3.97
ENCFF537YYU default 23823 8866 5.20 37.21 22542 8122 4.76 36.03 170378 4.77 45.51 36.03 37.21 5.20 4.71
ENCFF685IGY default 16437 4207 2.46 25.59 17956 4335 2.54 24.14 170378 2.47 25.59 25.36 25.59 2.46 2.46
ENCFF710AVC default 23455 8037 4.71 34.26 25743 8218 4.82 31.92 170378 4.72 34.26 33.41 34.26 4.71 4.66
