ENCFF001RRX default 169009 51761 17617 10.42 34.03 51647 17458 10.32 33.80 52375 17289 10.22 33.01 17289 35.32 34.50 33.01 34.03 17617 17406 17032
ENCFF001RSM default 169009 52661 18308 10.83 34.76 52621 18219 10.77 34.62 53769 18220 10.78 33.88 18219 35.08 34.62 33.89 34.76 18308 18164 17928
ENCFF001RWH default 169009 38039 12884 7.62 33.87 37552 12502 7.39 33.29 36057 12096 7.15 33.54 12096 36.43 34.61 33.54 33.87 12884 12330 12025
ENCFF001RWL default 169009 47496 18182 10.75 38.28 47286 17822 10.54 37.68 46713 17726 10.48 37.94 17726 39.97 38.01 37.94 38.28 18182 17641 17645
ENCFF002DKQ default 169009 50453 19220 11.37 38.09 50193 18929 11.19 37.71 49775 18949 11.21 38.06 18929 38.90 37.71 38.14 38.09 19220 18791 18944
ENCFF002DKV default 169009 28218 14025 8.29 49.70 28150 13970 8.26 49.62 30027 13951 8.25 46.46 13951 49.95 49.68 46.46 49.70 14025 13949 13290
ENCFF019PWN default 170378 39869 14972 8.78 37.55 39797 14829 8.70 37.26 45369 15285 8.97 33.69 14829 38.25 37.26 35.53 37.55 14972 14767 14360
ENCFF020BHL default 170378 50451 14149 8.30 28.04 50107 13559 7.95 27.06 48715 12687 7.44 26.04 12687 32.98 30.21 26.04 28.04 14149 13293 12057
ENCFF020JKV default 169009 51582 11524 6.81 22.34 51469 11239 6.64 21.83 51957 10687 6.32 20.56 10687 25.10 23.86 20.56 22.34 11524 11102 10115
ENCFF023MNP default 170378 45368 18771 11.01 41.37 44899 18284 10.73 40.72 43385 17690 10.38 40.77 17690 46.09 43.67 40.77 41.37 18771 18155 17584
ENCFF024INL default 170378 31722 10680 6.26 33.66 31382 10270 6.02 32.72 29894 9279 5.44 31.03 9279 41.27 38.49 31.03 33.66 10680 10084 8785
ENCFF031DGP default 170378 32714 12057 7.07 36.85 32172 11402 6.69 35.44 29957 10248 6.01 34.20 10248 46.07 42.06 34.20 36.85 12057 11109 9750
ENCFF040LQY default 170378 25670 12385 7.26 48.24 25277 12082 7.09 47.79 23398 10782 6.32 46.08 10782 57.57 55.88 46.08 48.24 12385 12019 10424
ENCFF044SJL default 170378 47633 17976 10.55 37.73 47395 17591 10.32 37.11 44865 17070 10.01 38.04 17070 41.66 39.27 38.04 38.04 17892 17373 17070
ENCFF046HDL default 170378 33868 15518 9.10 45.81 33494 15197 8.91 45.37 30825 13997 8.21 45.40 13997 53.80 51.95 45.40 45.81 15518 15135 13942
ENCFF050RHK default 170378 30788 10567 6.20 34.32 30445 10240 6.01 33.63 29484 9314 5.46 31.59 9314 40.48 38.46 31.59 34.32 10567 10091 8801
ENCFF052GIA default 170378 47232 17864 10.48 37.82 46427 16880 9.90 36.35 42866 15417 9.04 35.96 15417 47.79 43.02 35.96 37.82 17864 16517 14983
ENCFF054RXE default 169009 50357 16496 9.76 32.75 50010 16074 9.51 32.14 47920 15709 9.29 32.78 15709 35.90 33.64 32.78 32.78 16489 15900 15709
ENCFF068GSV default 170378 32596 15867 9.31 48.67 32492 15761 9.25 48.50 37853 16515 9.69 43.62 15761 49.18 48.50 46.84 48.67 15867 15722 15404
ENCFF075XPF default 170378 46863 18361 10.77 39.18 46488 17709 10.39 38.09 44763 16888 9.91 37.72 16888 45.43 41.75 37.72 39.18 18361 17442 16577
ENCFF084JYA default 170378 28114 15105 8.86 53.72 27607 14769 8.66 53.49 25358 13421 7.87 52.92 13421 62.34 61.13 52.92 53.72 15105 14741 13267
ENCFF088RGO default 169009 13165 3610 2.13 27.42 13126 3589 2.12 27.34 15614 3805 2.25 24.36 3589 27.61 27.34 25.92 27.42 3610 3581 3409
ENCFF095MSA default 170378 46254 13349 7.83 28.86 45371 12399 7.27 27.32 42548 10701 6.28 25.15 10701 37.18 33.63 25.15 28.86 13349 11962 9517
ENCFF098AZJ default 170378 31283 8029 4.71 25.66 31250 7965 4.67 25.48 34505 8226 4.82 23.84 7965 25.87 25.48 24.97 25.66 8029 7904 7814
ENCFF100BIM default 169009 44227 16002 9.46 36.18 43869 15553 9.20 35.45 43542 14969 8.85 34.37 14969 39.44 37.31 34.37 36.18 16002 15348 14435
ENCFF101NVY default 170378 25472 11963 7.02 46.96 25135 11726 6.88 46.65 23111 10529 6.17 45.55 10529 54.78 53.56 45.55 46.96 11963 11677 10299
ENCFF126PQC default 169009 37512 13207 7.81 35.20 37303 12928 7.64 34.65 36210 12185 7.20 33.65 12185 39.41 37.96 33.65 35.20 13207 12799 11804
ENCFF130QNU default 169009 39552 15185 8.98 38.39 39108 14897 8.81 38.09 36567 13936 8.24 38.11 13936 45.23 43.55 38.11 38.39 15185 14843 13879
ENCFF134DLO default 170378 40605 13576 7.96 33.43 40335 12944 7.59 32.09 38419 12156 7.13 31.64 12156 39.85 36.33 31.64 33.43 13576 12681 11810
ENCFF135DSP default 170378 37798 14179 8.32 37.51 37439 13912 8.16 37.15 34416 12838 7.53 37.30 12838 44.79 43.26 37.30 37.51 14179 13853 12791
ENCFF136KRX default 170378 43695 20237 11.87 46.31 43664 20080 11.78 45.98 49447 20694 12.14 41.85 20080 46.86 45.98 44.67 46.31 20237 19983 19731
ENCFF142WMA default 170378 31433 10814 6.34 34.40 31164 10402 6.10 33.37 29876 9451 5.54 31.63 9451 41.19 38.02 31.63 34.40 10814 10191 8848
ENCFF166HWB default 169009 50195 19215 11.36 38.28 49795 18713 11.07 37.58 48199 18110 10.71 37.57 18110 43.09 40.41 37.57 38.28 19215 18577 17957
ENCFF172AWE default 170378 29707 6917 4.05 23.28 29620 6857 4.02 23.14 32499 7001 4.10 21.54 6857 23.49 23.14 21.97 23.28 6917 6821 6550
ENCFF176HWN default 169009 57183 16087 9.51 28.13 56821 15461 9.14 27.21 56622 15083 8.92 26.63 15083 32.33 28.88 26.63 28.13 16087 15246 14698
ENCFF216PVC default 170378 31797 11319 6.64 35.59 31496 10913 6.40 34.64 30511 9949 5.83 32.60 9949 42.10 39.36 32.60 35.59 11319 10722 9268
ENCFF227NHT default 170378 33808 6069 3.56 17.95 33808 6043 3.54 17.87 36032 6114 3.58 16.96 6043 18.06 17.87 17.27 17.95 6069 6028 5945
ENCFF233ICM default 170378 57456 12810 7.51 22.29 57315 12675 7.43 22.11 64158 13057 7.66 20.35 12675 22.63 22.11 21.79 22.29 12810 12592 12564
ENCFF240IBI default 170378 34694 12468 7.31 35.93 34482 12006 7.04 34.81 33695 11181 6.56 33.18 11181 42.47 39.00 33.18 35.93 12468 11759 10617
ENCFF255JTL default 169009 22849 5667 3.35 24.80 22794 5648 3.34 24.77 26298 5870 3.47 22.32 5648 24.84 24.77 23.26 24.80 5667 5641 5367
ENCFF257GEY default 170378 34554 11403 6.69 33.00 34468 11300 6.63 32.78 38348 11593 6.80 30.23 11300 33.28 32.78 31.23 33.00 11403 11226 10871
ENCFF296GRX default 170378 31982 10442 6.12 32.64 31623 9993 5.86 31.60 30203 8989 5.27 29.76 8989 39.77 36.68 29.76 32.64 10442 9788 8368
ENCFF306YQS default 170378 31727 15431 9.05 48.63 31348 15035 8.82 47.96 29393 13879 8.14 47.21 13879 55.46 53.26 47.21 48.63 15431 14880 13625
ENCFF316NIV default 170378 32435 10843 6.36 33.42 31929 10348 6.07 32.40 29690 9073 5.32 30.55 9073 42.53 39.73 30.55 33.42 10843 10167 8457
ENCFF386PAW default 170378 31242 10698 6.27 34.24 30833 10208 5.99 33.10 28710 8765 5.14 30.52 8765 44.09 41.02 30.52 34.24 10698 9956 8038
ENCFF448GEE default 170378 48383 14033 8.23 29.00 48401 13943 8.18 28.80 51852 14231 8.35 27.44 13943 29.26 28.80 28.30 29.00 14033 13863 13722
ENCFF455XNT default 170378 28007 9341 5.48 33.35 27749 9070 5.32 32.68 26760 8198 4.81 30.63 8198 39.30 37.36 30.63 33.35 9341 8932 7668
ENCFF537YYU default 170378 32537 11148 6.54 34.26 32413 10866 6.37 33.52 31223 10139 5.95 32.47 10139 39.34 37.22 32.47 34.26 11148 10701 9713
ENCFF685IGY default 170378 14704 3788 2.22 25.76 14659 3754 2.20 25.60 16880 3945 2.31 23.37 3754 26.00 25.60 24.55 25.76 3788 3728 3516
ENCFF710AVC default 170378 34630 10091 5.92 29.13 34584 10054 5.90 29.07 38534 10370 6.08 26.91 10054 29.31 29.07 28.01 29.13 10091 10047 9781
