SRR534319 hisat 47275 11656 5.83 24.65 40267 8929 4.47 22.17 199669 4.47 36.19 22.17 24.65 5.83 4.20
SRR534291 hisat 30719 12668 6.34 41.23 30613 11557 5.78 37.75 199669 5.79 51.52 37.75 41.23 6.34 5.63
SRR545695 hisat 42276 11994 6.00 28.37 37153 9621 4.81 25.89 199669 4.82 39.95 25.89 28.37 6.00 4.61
SRR387661 hisat 37282 13355 6.68 35.82 34897 11435 5.72 32.76 199669 5.73 51.00 32.76 35.82 6.68 5.58
SRR307911 hisat 32836 13752 6.88 41.88 27385 11955 5.98 43.65 199669 5.99 54.31 43.65 43.65 6.78 5.98
SRR545723 hisat 24792 12037 6.02 48.55 21313 11167 5.59 52.39 199669 5.59 58.70 52.39 52.39 5.89 5.59
SRR315323 hisat 27780 10976 5.49 39.51 23339 9526 4.77 40.81 199669 4.77 50.53 40.81 40.81 5.41 4.77
SRR307903 hisat 22738 12660 6.34 55.67 20719 11724 5.87 56.58 199669 5.87 63.50 56.58 56.58 6.29 5.87
SRR315334 hisat 25991 12560 6.29 48.32 22388 11181 5.59 49.94 199669 5.60 59.87 49.94 49.94 6.22 5.59
SRR534307 hisat 37892 14937 7.48 39.41 39165 14279 7.15 36.45 199669 7.15 45.10 36.45 39.41 7.48 7.01
