SRR534319 hisat 199669 47275 11656 5.83 24.65 44779 10699 5.35 23.89 40267 8929 4.47 22.17 8929 36.19 33.65 22.17 24.65 11656 10566 8396
SRR534291 hisat 199669 30719 12668 6.34 41.23 29034 11925 5.97 41.07 30613 11557 5.78 37.75 11557 51.52 45.89 37.75 41.23 12668 11915 11248
SRR545695 hisat 199669 42276 11994 6.00 28.37 39339 11025 5.52 28.02 37153 9621 4.81 25.89 9621 39.95 37.09 25.89 28.37 11994 10987 9197
SRR387661 hisat 199669 37282 13355 6.68 35.82 34567 12306 6.16 35.60 34897 11435 5.72 32.76 11435 51.00 45.77 32.76 35.82 13355 12293 11145
SRR307911 hisat 199669 32836 13752 6.88 41.88 30860 12899 6.46 41.79 27385 11955 5.98 43.65 11955 54.31 50.77 43.65 43.65 13533 12719 11955
SRR545723 hisat 199669 24792 12037 6.02 48.55 23663 11661 5.84 49.27 21313 11167 5.59 52.39 11167 58.70 56.46 52.39 52.39 11760 11461 11167
SRR315323 hisat 199669 27780 10976 5.49 39.51 26645 10510 5.26 39.44 23339 9526 4.77 40.81 9526 50.53 48.75 40.81 40.81 10808 10369 9526
SRR307903 hisat 199669 22738 12660 6.34 55.67 22163 12411 6.21 55.99 20719 11724 5.87 56.58 11724 63.50 62.46 56.58 56.58 12561 12352 11724
SRR315334 hisat 199669 25991 12560 6.29 48.32 24481 11948 5.98 48.80 22388 11181 5.59 49.94 11181 59.87 57.58 49.94 49.94 12419 11869 11181
SRR534307 hisat 199669 37892 14937 7.48 39.41 37057 14638 7.33 39.50 39165 14279 7.15 36.45 14279 45.10 43.01 36.45 39.50 14932 14638 13989
