SRR534319 star 67499 14827 7.42 21.96 60302 13074 6.54 21.68 199669 6.55 28.45 21.68 21.96 7.42 6.50
SRR534291 star 43747 16059 8.04 36.70 41333 14477 7.25 35.02 199669 7.25 43.39 35.02 36.70 8.04 7.04
SRR545695 star 69952 15733 7.87 22.49 61187 14445 7.23 23.60 199669 7.23 27.95 23.60 23.60 7.72 7.23
SRR387661 star 60430 17616 8.82 29.15 55432 16405 8.21 29.59 199669 8.22 34.61 29.59 29.59 8.77 8.21
SRR307911 star 55444 17659 8.84 31.85 50981 16132 8.07 31.64 199669 8.08 38.48 31.64 31.85 8.84 8.05
SRR545723 star 46981 16003 8.01 34.06 48801 15469 7.74 31.69 199669 7.75 36.31 31.69 34.06 8.01 7.46
SRR315323 star 44715 13871 6.94 31.02 43689 12749 6.38 29.18 199669 6.39 36.43 29.18 31.02 6.94 6.15
SRR307903 star 38559 16544 8.28 42.90 39806 15803 7.91 39.70 199669 7.91 46.67 39.70 42.90 8.28 7.57
SRR315334 star 40689 16036 8.03 39.41 38025 14837 7.43 39.01 199669 7.43 45.95 39.01 39.41 8.03 7.39
SRR534307 star 69864 20924 10.47 29.94 68770 20822 10.42 30.27 199669 10.43 30.38 30.27 30.27 10.44 10.42
