SRR534319 star 43352 10902 5.46 25.14 39227 8085 4.04 20.61 199669 4.05 40.55 20.61 25.14 5.46 3.57
SRR534291 star 28374 11815 5.91 41.64 31685 11051 5.53 34.87 199669 5.53 50.81 34.87 41.64 5.91 5.18
SRR545695 star 37297 11437 5.72 30.66 36485 9253 4.63 25.36 199669 4.63 44.56 25.36 30.66 5.72 4.11
SRR387661 star 32603 12425 6.22 38.10 35661 10970 5.49 30.76 199669 5.49 54.79 30.76 38.10 6.22 5.03
SRR307911 star 30169 12912 6.46 42.79 27606 11163 5.59 40.43 199669 5.59 58.40 40.43 42.79 6.46 5.44
SRR545723 star 22023 11864 5.94 53.87 19142 10470 5.24 54.69 199669 5.24 68.83 54.69 54.69 5.91 5.24
SRR315323 star 26445 10511 5.26 39.74 22929 8565 4.28 37.35 199669 4.29 57.02 37.35 39.74 5.26 4.13
SRR307903 star 21617 12333 6.17 57.05 21938 10706 5.36 48.80 199669 5.36 70.97 48.80 57.05 6.17 4.79
SRR315334 star 24221 11950 5.98 49.33 23404 10417 5.21 44.50 199669 5.22 65.58 44.50 49.33 5.98 4.94
SRR534307 star 35558 15298 7.66 43.02 39114 14204 7.11 36.31 199669 7.11 52.38 36.31 43.02 7.66 6.65
