ENCFF001RRX default 51647 17458 10.32 33.80 52375 17289 10.22 33.01 169009 10.23 34.50 33.01 33.80 10.32 10.11
ENCFF001RSM default 52621 18219 10.77 34.62 53769 18220 10.78 33.88 169009 10.78 34.62 33.89 34.62 10.77 10.64
ENCFF001RWH default 37552 12502 7.39 33.29 36057 12096 7.15 33.54 169009 7.16 34.61 33.54 33.54 7.35 7.15
ENCFF001RWL default 47286 17822 10.54 37.68 46713 17726 10.48 37.94 169009 10.49 38.01 37.94 37.94 10.51 10.48
ENCFF002DKQ default 50193 18929 11.19 37.71 49775 18949 11.21 38.06 169009 11.20 37.71 38.14 38.06 11.13 11.21
ENCFF002DKV default 28150 13970 8.26 49.62 30027 13951 8.25 46.46 169009 8.25 49.68 46.46 49.62 8.26 7.88
ENCFF019PWN default 39797 14829 8.70 37.26 45369 15285 8.97 33.69 170378 8.70 37.26 35.53 37.26 8.70 8.46
ENCFF020BHL default 50107 13559 7.95 27.06 48715 12687 7.44 26.04 170378 7.45 30.21 26.04 27.06 7.95 7.24
ENCFF020JKV default 51469 11239 6.64 21.83 51957 10687 6.32 20.56 169009 6.32 23.86 20.56 21.83 6.64 6.08
ENCFF023MNP default 44899 18284 10.73 40.72 43385 17690 10.38 40.77 170378 10.38 43.67 40.77 40.77 10.73 10.38
ENCFF024INL default 31382 10270 6.02 32.72 29894 9279 5.44 31.03 170378 5.45 38.49 31.03 32.72 6.02 5.24
ENCFF031DGP default 32172 11402 6.69 35.44 29957 10248 6.01 34.20 170378 6.01 42.06 34.20 35.44 6.69 5.86
ENCFF040LQY default 25277 12082 7.09 47.79 23398 10782 6.32 46.08 170378 6.33 55.88 46.08 47.79 7.09 6.17
ENCFF044SJL default 47395 17591 10.32 37.11 44865 17070 10.01 38.04 170378 10.02 39.27 38.04 38.04 10.20 10.01
ENCFF046HDL default 33494 15197 8.91 45.37 30825 13997 8.21 45.40 170378 8.22 51.95 45.40 45.40 8.92 8.21
ENCFF050RHK default 30445 10240 6.01 33.63 29484 9314 5.46 31.59 170378 5.47 38.46 31.59 33.63 6.01 5.23
ENCFF052GIA default 46427 16880 9.90 36.35 42866 15417 9.04 35.96 170378 9.05 43.02 35.96 36.35 9.90 8.99
ENCFF054RXE default 50010 16074 9.51 32.14 47920 15709 9.29 32.78 169009 9.29 33.64 32.78 32.78 9.41 9.29
ENCFF068GSV default 32492 15761 9.25 48.50 37853 16515 9.69 43.62 170378 9.25 48.50 46.84 48.50 9.25 9.08
ENCFF075XPF default 46488 17709 10.39 38.09 44763 16888 9.91 37.72 170378 9.91 41.75 37.72 38.09 10.39 9.87
ENCFF084JYA default 27607 14769 8.66 53.49 25358 13421 7.87 52.92 170378 7.88 61.13 52.92 53.49 8.66 7.81
ENCFF088RGO default 13126 3589 2.12 27.34 15614 3805 2.25 24.36 169009 2.12 27.34 25.92 27.34 2.12 2.02
ENCFF095MSA default 45371 12399 7.27 27.32 42548 10701 6.28 25.15 170378 6.28 33.63 25.15 27.32 7.27 5.86
ENCFF098AZJ default 31250 7965 4.67 25.48 34505 8226 4.82 23.84 170378 4.67 25.48 24.97 25.48 4.67 4.61
ENCFF100BIM default 43869 15553 9.20 35.45 43542 14969 8.85 34.37 169009 8.86 37.31 34.37 35.45 9.20 8.66
ENCFF101NVY default 25135 11726 6.88 46.65 23111 10529 6.17 45.55 170378 6.18 53.56 45.55 46.65 6.88 6.07
ENCFF126PQC default 37303 12928 7.64 34.65 36210 12185 7.20 33.65 169009 7.21 37.96 33.65 34.65 7.64 7.06
ENCFF130QNU default 39108 14897 8.81 38.09 36567 13936 8.24 38.11 169009 8.25 43.55 38.11 38.11 8.81 8.24
ENCFF134DLO default 40335 12944 7.59 32.09 38419 12156 7.13 31.64 170378 7.13 36.33 31.64 32.09 7.59 7.07
ENCFF135DSP default 37439 13912 8.16 37.15 34416 12838 7.53 37.30 170378 7.54 43.26 37.30 37.30 8.15 7.53
ENCFF136KRX default 43664 20080 11.78 45.98 49447 20694 12.14 41.85 170378 11.79 45.98 44.67 45.98 11.78 11.62
ENCFF142WMA default 31164 10402 6.10 33.37 29876 9451 5.54 31.63 170378 5.55 38.02 31.63 33.37 6.10 5.32
ENCFF166HWB default 49795 18713 11.07 37.58 48199 18110 10.71 37.57 169009 10.72 40.41 37.57 37.58 11.07 10.72
ENCFF172AWE default 29620 6857 4.02 23.14 32499 7001 4.10 21.54 170378 4.02 23.14 21.97 23.14 4.02 3.85
ENCFF176HWN default 56821 15461 9.14 27.21 56622 15083 8.92 26.63 169009 8.92 28.88 26.63 27.21 9.14 8.84
ENCFF216PVC default 31496 10913 6.40 34.64 30511 9949 5.83 32.60 170378 5.84 39.36 32.60 34.64 6.40 5.56
ENCFF227NHT default 33808 6043 3.54 17.87 36032 6114 3.58 16.96 170378 3.55 17.87 17.27 17.87 3.54 3.50
ENCFF233ICM default 57315 12675 7.43 22.11 64158 13057 7.66 20.35 170378 7.44 22.11 21.79 22.11 7.43 7.40
ENCFF240IBI default 34482 12006 7.04 34.81 33695 11181 6.56 33.18 170378 6.56 39.00 33.18 34.81 7.04 6.36
ENCFF255JTL default 22794 5648 3.34 24.77 26298 5870 3.47 22.32 169009 3.34 24.77 23.26 24.77 3.34 3.18
ENCFF257GEY default 34468 11300 6.63 32.78 38348 11593 6.80 30.23 170378 6.63 32.78 31.23 32.78 6.63 6.41
ENCFF296GRX default 31623 9993 5.86 31.60 30203 8989 5.27 29.76 170378 5.28 36.68 29.76 31.60 5.86 5.04
ENCFF306YQS default 31348 15035 8.82 47.96 29393 13879 8.14 47.21 170378 8.15 53.26 47.21 47.96 8.82 8.07
ENCFF316NIV default 31929 10348 6.07 32.40 29690 9073 5.32 30.55 170378 5.33 39.73 30.55 32.40 6.07 5.08
ENCFF386PAW default 30833 10208 5.99 33.10 28710 8765 5.14 30.52 170378 5.14 41.02 30.52 33.10 5.99 4.84
ENCFF448GEE default 48401 13943 8.18 28.80 51852 14231 8.35 27.44 170378 8.18 28.80 28.30 28.80 8.18 8.08
ENCFF455XNT default 27749 9070 5.32 32.68 26760 8198 4.81 30.63 170378 4.81 37.36 30.63 32.68 5.32 4.59
ENCFF537YYU default 32413 10866 6.37 33.52 31223 10139 5.95 32.47 170378 5.95 37.22 32.47 33.52 6.37 5.81
ENCFF685IGY default 14659 3754 2.20 25.60 16880 3945 2.31 23.37 170378 2.20 25.60 24.55 25.60 2.20 2.09
ENCFF710AVC default 34584 10054 5.90 29.07 38534 10370 6.08 26.91 170378 5.90 29.07 28.01 29.07 5.90 5.75
