SRR534319 star 199669 64580 14589 7.30 22.59 67531 14828 7.42 21.95 61896 14181 7.10 22.91 14181 24.02 24.29 22.91 22.91 14472 14548 14181
SRR534291 star 199669 39206 15426 7.72 39.34 43774 16059 8.04 36.68 41148 14942 7.48 36.31 14942 41.26 41.64 36.31 39.34 15426 15445 14239
SRR545695 star 199669 67022 15584 7.80 23.25 70138 15739 7.88 22.44 62900 15293 7.65 24.31 15293 24.38 24.08 24.31 24.31 15306 15249 15293
SRR387661 star 199669 56669 17422 8.72 30.74 60497 17621 8.82 29.12 55217 16895 8.46 30.59 16895 33.05 32.36 30.59 30.74 17422 17263 16846
SRR307911 star 199669 55137 17656 8.84 32.02 55459 17653 8.84 31.83 50651 16706 8.36 32.98 16706 36.22 36.07 32.98 32.98 17440 17404 16706
SRR545723 star 199669 45100 15871 7.94 35.19 46962 16003 8.01 34.07 47118 15848 7.93 33.63 15848 35.25 34.74 33.63 35.19 15871 15710 15473
SRR315323 star 199669 44722 13880 6.95 31.03 44744 13888 6.95 31.03 43401 13403 6.71 30.88 13403 33.42 33.28 30.88 31.03 13880 13888 13359
SRR307903 star 199669 39042 16620 8.32 42.56 38583 16547 8.28 42.88 38549 16262 8.14 42.18 16262 44.28 44.38 42.18 42.88 16544 16547 16105
SRR315334 star 199669 40514 16034 8.03 39.57 40739 16023 8.02 39.33 37692 15243 7.63 40.44 15243 43.86 43.41 40.44 40.44 15864 15798 15243
SRR534307 star 199669 68096 20903 10.46 30.69 69980 20923 10.47 29.89 68987 21104 10.56 30.59 20903 30.69 40.44 31.46 30.69 20903 20739 21084
