SRR534319 hisat 199669 65730 14486 7.25 22.03 58610 12762 6.39 21.77 52800 11042 5.53 20.91 11042 34.87 30.48 20.91 22.03 14486 12714 10818
SRR534291 hisat 199669 40626 15418 7.72 37.95 38825 13908 6.96 35.82 40032 13345 6.68 33.33 13345 47.81 40.65 33.33 37.95 15418 13672 12716
SRR545695 hisat 199669 68576 15157 7.59 22.10 55960 13403 6.71 23.95 50478 11820 5.91 23.41 11820 36.48 32.65 23.41 23.95 14725 13403 11749
SRR387661 hisat 199669 58264 17083 8.55 29.31 49948 14850 7.43 29.73 47759 13676 6.84 28.63 13676 44.97 39.36 28.63 29.73 16955 14850 13522
SRR307911 hisat 199669 55044 17586 8.80 31.94 47795 15472 7.74 32.37 42843 14205 7.11 33.15 14205 47.01 41.33 33.15 33.15 17295 15410 14205
SRR545723 hisat 199669 48722 15534 7.77 31.88 41453 13884 6.95 33.49 38562 13306 6.66 34.50 13306 46.11 38.39 34.50 34.50 14984 13797 13306
SRR315323 hisat 199669 44809 13904 6.96 31.02 39649 12460 6.24 31.42 35453 11397 5.70 32.14 11397 43.61 40.06 32.14 32.14 13680 12404 11397
SRR307903 hisat 199669 38431 16467 8.24 42.84 37233 15039 7.53 40.39 34774 14196 7.10 40.82 14196 55.03 47.78 40.82 42.84 16467 14806 13987
SRR315334 hisat 199669 39991 15891 7.95 39.73 39158 14340 7.18 36.62 35670 13317 6.66 37.33 13317 54.88 45.87 37.33 39.73 15891 14006 13026
SRR534307 hisat 199669 68766 20064 10.04 29.17 72458 18614 9.32 25.68 69015 18110 9.07 26.24 18110 38.38 29.68 26.24 29.17 20064 18178 17708
