SRR534319 hisat 58610 12762 6.39 21.77 52800 11042 5.53 20.91 199669 5.53 30.48 20.91 21.77 6.39 5.44
SRR534291 hisat 38825 13908 6.96 35.82 40032 13345 6.68 33.33 199669 6.68 40.65 33.33 35.82 6.96 6.51
SRR545695 hisat 55960 13403 6.71 23.95 50478 11820 5.91 23.41 199669 5.92 32.65 23.41 23.95 6.71 5.88
SRR387661 hisat 49948 14850 7.43 29.73 47759 13676 6.84 28.63 199669 6.85 39.36 28.63 29.73 7.43 6.77
SRR307911 hisat 47795 15472 7.74 32.37 42843 14205 7.11 33.15 199669 7.11 41.33 33.15 33.15 7.72 7.11
SRR545723 hisat 41453 13884 6.95 33.49 38562 13306 6.66 34.50 199669 6.66 38.39 34.50 34.50 6.91 6.66
SRR315323 hisat 39649 12460 6.24 31.42 35453 11397 5.70 32.14 199669 5.71 40.06 32.14 32.14 6.21 5.70
SRR307903 hisat 37233 15039 7.53 40.39 34774 14196 7.10 40.82 199669 7.11 47.78 40.82 40.82 7.52 7.10
SRR315334 hisat 39158 14340 7.18 36.62 35670 13317 6.66 37.33 199669 6.67 45.87 37.33 37.33 7.15 6.66
SRR534307 hisat 72458 18614 9.32 25.68 69015 18110 9.07 26.24 199669 9.07 29.68 26.24 26.24 9.30 9.07
