SRR534319 hisat 199669 65730 14486 7.25 22.03 67743 14541 7.28 21.46 62191 13983 7.00 22.48 13983 24.14 23.93 22.48 22.48 14375 14313 13983
SRR534291 hisat 199669 40626 15418 7.72 37.95 43711 15903 7.96 36.38 40708 14644 7.33 35.97 14644 41.28 42.25 35.97 37.95 15418 15547 14247
SRR545695 hisat 199669 68576 15157 7.59 22.10 70535 15275 7.65 21.65 63193 14859 7.44 23.51 14859 23.25 23.23 23.51 23.51 14803 14807 14859
SRR387661 hisat 199669 58264 17083 8.55 29.31 60904 17241 8.63 28.30 54348 16530 8.27 30.41 16530 31.87 31.80 30.41 30.41 16826 16820 16530
SRR307911 hisat 199669 55044 17586 8.80 31.94 54992 17552 8.79 31.91 49499 16507 8.26 33.34 16507 36.65 36.53 33.34 33.34 17231 17149 16507
SRR545723 hisat 199669 48722 15534 7.77 31.88 50911 15707 7.86 30.85 50260 15467 7.74 30.77 15467 32.15 31.68 30.77 31.88 15534 15426 15169
SRR315323 hisat 199669 44809 13904 6.96 31.02 44775 13882 6.95 31.00 42736 13338 6.68 31.21 13338 33.95 33.93 31.21 31.21 13883 13840 13338
SRR307903 hisat 199669 38431 16467 8.24 42.84 37898 16354 8.19 43.15 37271 16039 8.03 43.03 16039 45.05 44.71 43.03 43.15 16390 16354 16010
SRR315334 hisat 199669 39991 15891 7.95 39.73 39826 15804 7.91 39.68 36395 14973 7.49 41.14 14973 45.15 44.51 41.14 41.14 15647 15557 14973
SRR534307 hisat 199669 68766 20064 10.04 29.17 67792 20055 10.04 29.58 66505 20366 10.19 30.62 20055 29.23 29.58 32.24 30.62 19746 19893 20366
