SRR534319 star 55164 12791 6.40 23.18 49999 11030 5.52 22.06 199669 5.52 32.63 22.06 23.18 6.40 5.41
SRR534291 star 37302 13662 6.84 36.62 38141 13237 6.62 34.70 199669 6.63 40.68 34.70 36.62 6.84 6.50
SRR545695 star 52093 13565 6.79 26.03 47487 12143 6.08 25.57 199669 6.08 34.26 25.57 26.03 6.79 6.04
SRR387661 star 45905 14743 7.38 32.11 44566 13543 6.78 30.38 199669 6.78 42.29 30.38 32.11 7.38 6.69
SRR307911 star 44841 15291 7.65 34.10 40992 14141 7.08 34.49 199669 7.08 43.01 34.49 34.49 7.64 7.08
SRR545723 star 36021 14037 7.03 38.96 34299 13517 6.76 39.40 199669 6.77 43.21 39.40 39.40 7.01 6.76
SRR315323 star 37140 12294 6.15 33.10 33998 11362 5.69 33.41 199669 5.69 40.61 33.41 33.41 6.15 5.69
SRR307903 star 35316 14926 7.47 42.26 33275 14145 7.08 42.50 199669 7.08 49.46 42.50 42.50 7.47 7.08
SRR315334 star 37316 14199 7.11 38.05 34164 13215 6.61 38.68 199669 6.62 47.49 38.68 38.68 7.08 6.61
SRR534307 star 68355 18936 9.48 27.70 65611 18345 9.18 27.96 199669 9.19 32.45 27.96 27.96 9.47 9.18
